camera.width=2000
camera.height=1332
camera.A=[1102.9807074 0 1002.95819936; 0 1103.05104081 661.898816711; 0 0 1]
camera.k1=0
camera.k2=0
camera.R=[0.998498958794 -0.00542476739916 -0.0545013870022; 0.0546235445089 0.0257365623039 0.998175284079; -0.00401219039749 -0.999654040786 0.0259942506868]
camera.T=[-0.28631676645 -0.0803827987969 0.181500216623]
