camera.width=2000
camera.height=1332
camera.A=[1102.9807074 0 1002.95819936; 0 1103.05104081 661.898816711; 0 0 1]
camera.k1=0
camera.k2=0
camera.R=[0.987486906227 -0.00225514592406 0.157684889405; -0.157570710134 0.0265295066232 0.987151283536; -0.00640947251135 -0.999645486958 0.0258421954743]
camera.T=[-0.862459084391 -0.071814086973 0.181878257007]
